[gd_scene load_steps=16 format=3 uid="uid://dj5036wgt3a82"]

[ext_resource type="Texture2D" uid="uid://bjs1c67unte0v" path="res://Models/Kenny Prototype Texture/Orange/texture_01.png" id="1_4fvsi"]
[ext_resource type="Script" path="res://Scenes/rocket.gd" id="1_vbms1"]
[ext_resource type="Texture2D" uid="uid://bumc76xsfc4my" path="res://Models/Kenny Prototype Texture/Green/texture_01.png" id="2_x7y3t"]

[sub_resource type="StandardMaterial3D" id="StandardMaterial3D_vq3mk"]
albedo_texture = ExtResource("1_4fvsi")
uv1_triplanar = true

[sub_resource type="CapsuleMesh" id="CapsuleMesh_8gqap"]
height = 10.0

[sub_resource type="CapsuleShape3D" id="CapsuleShape3D_ccl50"]
height = 10.0

[sub_resource type="CapsuleShape3D" id="CapsuleShape3D_obmld"]
radius = 0.1

[sub_resource type="CapsuleShape3D" id="CapsuleShape3D_f2oa5"]
radius = 0.1

[sub_resource type="CapsuleShape3D" id="CapsuleShape3D_ikly5"]
radius = 0.1

[sub_resource type="CapsuleShape3D" id="CapsuleShape3D_gju6b"]
radius = 0.1

[sub_resource type="StandardMaterial3D" id="StandardMaterial3D_dpgrl"]
albedo_texture = ExtResource("2_x7y3t")

[sub_resource type="CapsuleMesh" id="CapsuleMesh_670c8"]
radius = 0.1

[sub_resource type="StandardMaterial3D" id="StandardMaterial3D_uejy6"]
albedo_texture = ExtResource("2_x7y3t")

[sub_resource type="StandardMaterial3D" id="StandardMaterial3D_ox70e"]
albedo_texture = ExtResource("2_x7y3t")

[sub_resource type="StandardMaterial3D" id="StandardMaterial3D_7prrd"]
albedo_texture = ExtResource("2_x7y3t")

[node name="Rocket" type="RigidBody3D"]
script = ExtResource("1_vbms1")

[node name="Body" type="MeshInstance3D" parent="."]
material_override = SubResource("StandardMaterial3D_vq3mk")
mesh = SubResource("CapsuleMesh_8gqap")

[node name="CollisionShape3D" type="CollisionShape3D" parent="."]
shape = SubResource("CapsuleShape3D_ccl50")

[node name="CollisionShape3D2" type="CollisionShape3D" parent="."]
transform = Transform3D(1, 0, 0, 0, 0.866025, -0.5, 0, 0.5, 0.866025, 0, -4.5, -0.7)
shape = SubResource("CapsuleShape3D_obmld")

[node name="CollisionShape3D3" type="CollisionShape3D" parent="."]
transform = Transform3D(-4.37114e-08, 0.5, 0.866025, 0, 0.866025, -0.5, -1, -2.18557e-08, -3.78552e-08, -0.7, -4.5, 0)
shape = SubResource("CapsuleShape3D_f2oa5")

[node name="CollisionShape3D4" type="CollisionShape3D" parent="."]
transform = Transform3D(-1, -4.37114e-08, -7.57103e-08, 0, 0.866025, -0.5, 8.74228e-08, -0.5, -0.866025, 0, -4.5, 0.733)
shape = SubResource("CapsuleShape3D_ikly5")

[node name="CollisionShape3D5" type="CollisionShape3D" parent="."]
transform = Transform3D(1.19249e-08, -0.5, -0.866025, 0, 0.866025, -0.5, 1, 5.96244e-09, 1.03272e-08, 0.7, -4.5, 0)
shape = SubResource("CapsuleShape3D_gju6b")

[node name="Legs" type="Node3D" parent="."]
transform = Transform3D(1, 0, 0, 0, 1, 0, 0, 0, 1, 0, -4.5, 0)

[node name="MeshInstance3D" type="MeshInstance3D" parent="Legs"]
transform = Transform3D(1, 0, 0, 0, 0.866025, -0.5, 0, 0.5, 0.866025, 0, 0, -0.7)
material_override = SubResource("StandardMaterial3D_dpgrl")
mesh = SubResource("CapsuleMesh_670c8")

[node name="MeshInstance3D2" type="MeshInstance3D" parent="Legs"]
transform = Transform3D(-4.37114e-08, 0.5, 0.866025, 0, 0.866025, -0.5, -1, -2.18557e-08, -3.78552e-08, -0.7, 0, 0)
material_override = SubResource("StandardMaterial3D_uejy6")
mesh = SubResource("CapsuleMesh_670c8")

[node name="MeshInstance3D3" type="MeshInstance3D" parent="Legs"]
transform = Transform3D(-1, -4.37114e-08, -7.57103e-08, 0, 0.866025, -0.5, 8.74228e-08, -0.5, -0.866025, 0, 0, 0.733)
material_override = SubResource("StandardMaterial3D_ox70e")
mesh = SubResource("CapsuleMesh_670c8")

[node name="MeshInstance3D4" type="MeshInstance3D" parent="Legs"]
transform = Transform3D(1.19249e-08, -0.5, -0.866025, 0, 0.866025, -0.5, 1, 5.96244e-09, 1.03272e-08, 0.7, 0, 0)
material_override = SubResource("StandardMaterial3D_7prrd")
mesh = SubResource("CapsuleMesh_670c8")
